日志同时写入文件: results/20260119.txt

============== 选股结果 [前期战法] ==============
交易日: 2026-01-19
符合条件股票数: 46
002389, 000762, 000776, 002177, 603344, 600895, 000007, 600271, 600501, 603197, 002212, 603169, 002301, 002261, 002937, 002466, 601108, 603680, 002935, 002501, 000936, 002099, 600784, 002243, 600186, 600435, 600390, 000917, 002278, 603507, 600135, 002544, 000623, 002183, 002383, 002036, 601599, 601601, 605088, 600682, 601628, 600736, 002756, 002025, 002192, 600284

============== 选股结果 [SuperB1战法] ==============
交易日: 2026-01-19
符合条件股票数: 0
无符合条件股票

============== 选股结果 [补票战法] ==============
交易日: 2026-01-19
符合条件股票数: 2
002050, 600685

============== 选股结果 [填坑战法] ==============
交易日: 2026-01-19
符合条件股票数: 9
600855, 600895, 002774, 603169, 601089, 603716, 603507, 002631, 000973

============== 选股结果 [上穿60放量战法] ==============
交易日: 2026-01-19
符合条件股票数: 39
002177, 002774, 002173, 603197, 600307, 002212, 002366, 600064, 000516, 600611, 002712, 600363, 600165, 002501, 002338, 002099, 600826, 600775, 600784, 603716, 002243, 603868, 600186, 600435, 603712, 002735, 001229, 002324, 603507, 600120, 000555, 002036, 600645, 605507, 002813, 600736, 002025, 603809, 002347
