日志同时写入文件: results/20260205.txt

============== 选股结果 [前期战法] ==============
交易日: 2026-02-05
符合条件股票数: 75
603970, 603568, 600063, 002942, 000985, 002406, 603225, 002239, 002601, 603220, 603585, 600688, 002206, 601568, 002004, 000968, 601811, 002414, 000927, 603898, 603045, 603520, 600968, 600777, 002064, 603727, 002138, 605183, 603057, 002258, 600615, 600826, 603678, 603730, 002107, 002917, 002296, 001358, 600989, 605198, 603299, 002848, 603138, 600800, 600141, 600746, 002493, 002871, 000096, 000733, 002284, 603699, 603706, 002469, 605177, 002899, 002279, 002250, 000554, 002182, 002592, 601216, 603165, 603588, 002803, 603991, 002816, 600731, 002556, 600278, 603995, 002393, 002408, 000035, 002838

============== 选股结果 [SuperB1战法] ==============
交易日: 2026-02-05
符合条件股票数: 0
无符合条件股票

============== 选股结果 [补票战法] ==============
交易日: 2026-02-05
符合条件股票数: 1
603060

============== 选股结果 [填坑战法] ==============
交易日: 2026-02-05
符合条件股票数: 11
603608, 002760, 603156, 000968, 603138, 002524, 002871, 605177, 002279, 605089, 002838

============== 选股结果 [上穿60放量战法] ==============
交易日: 2026-02-05
符合条件股票数: 46
600063, 605319, 002760, 603156, 603220, 605337, 600307, 002005, 002206, 002004, 002010, 000968, 601811, 000927, 002088, 000930, 603045, 603078, 600968, 600987, 603726, 603727, 600826, 002107, 605588, 601117, 002876, 603299, 603138, 600746, 603075, 605177, 002279, 000554, 002828, 600257, 601968, 601216, 603165, 002354, 601228, 605089, 002620, 600278, 002838, 002409
