日志同时写入文件: results/20260129.txt

============== 选股结果 [前期战法] ==============
交易日: 2026-01-29
符合条件股票数: 68
002410, 002376, 603192, 601222, 002968, 001326, 603556, 003043, 603998, 600671, 603231, 002416, 603156, 603022, 600676, 001378, 000066, 001218, 002063, 603079, 600834, 603130, 002707, 000919, 002919, 600562, 603693, 601669, 002917, 001238, 600626, 603105, 600550, 600587, 002322, 600232, 603075, 600839, 600805, 600636, 000929, 002864, 002441, 003039, 600031, 601113, 603102, 002250, 002654, 601890, 603261, 002380, 603819, 603171, 002949, 603987, 601228, 605098, 002180, 001300, 603016, 002967, 605116, 002346, 002811, 600520, 002555, 002743

============== 选股结果 [SuperB1战法] ==============
交易日: 2026-01-29
符合条件股票数: 0
无符合条件股票

============== 选股结果 [补票战法] ==============
交易日: 2026-01-29
符合条件股票数: 2
001286, 000672

============== 选股结果 [填坑战法] ==============
交易日: 2026-01-29
符合条件股票数: 3
603156, 600232, 600435

============== 选股结果 [上穿60放量战法] ==============
交易日: 2026-01-29
符合条件股票数: 39
002376, 000777, 601222, 002798, 003043, 603966, 002416, 603156, 002777, 600676, 600266, 002063, 001231, 603721, 002707, 603859, 600562, 600775, 002917, 001238, 603059, 600587, 002322, 603075, 600839, 600637, 600435, 002864, 002912, 603261, 002324, 002380, 603819, 605298, 002949, 600718, 601228, 600644, 002152
