日志同时写入文件: results/20260122.txt

============== 选股结果 [前期战法] ==============
交易日: 2026-01-22
符合条件股票数: 44
002821, 600100, 001326, 002405, 600728, 002775, 603036, 605069, 600845, 000997, 600215, 002261, 002248, 603721, 002128, 600570, 603680, 002908, 600571, 002677, 603337, 600602, 002927, 600198, 600552, 002335, 002243, 002530, 000938, 603458, 002657, 600345, 000725, 600967, 002223, 002368, 002624, 603358, 002382, 601601, 002152, 605116, 603015, 603799

============== 选股结果 [SuperB1战法] ==============
交易日: 2026-01-22
符合条件股票数: 0
无符合条件股票

============== 选股结果 [补票战法] ==============
交易日: 2026-01-22
符合条件股票数: 0
无符合条件股票

============== 选股结果 [填坑战法] ==============
交易日: 2026-01-22
符合条件股票数: 21
001332, 003041, 002163, 002162, 002600, 002774, 002777, 002945, 002315, 002659, 002712, 603337, 601116, 603882, 600353, 603507, 600718, 002624, 002036, 002230, 603377

============== 选股结果 [上穿60放量战法] ==============
交易日: 2026-01-22
符合条件股票数: 73
600100, 002405, 600088, 002177, 002599, 002364, 600728, 002774, 603341, 002173, 002777, 605069, 600845, 002945, 000997, 002400, 000516, 002315, 002881, 002659, 002248, 603721, 600570, 002712, 600410, 600835, 603496, 600363, 000676, 002908, 603859, 601858, 002878, 002677, 603108, 002703, 002501, 002925, 603533, 002099, 603888, 002649, 601116, 600552, 002903, 603488, 600784, 603716, 000681, 002243, 600633, 600637, 603458, 603882, 600353, 002912, 000725, 603507, 600055, 605298, 002223, 600120, 600718, 002354, 000026, 002355, 000156, 002230, 002152, 605116, 603613, 603809, 603000
