日志同时写入文件: results/20260116.txt

============== 选股结果 [前期战法] ==============
交易日: 2026-01-16
符合条件股票数: 55
600909, 002389, 002438, 600115, 601021, 000776, 002177, 603344, 000007, 600927, 002601, 002367, 600501, 600893, 603278, 603085, 002937, 601888, 000925, 002111, 002501, 603081, 002297, 603660, 600590, 600784, 600178, 600435, 601688, 002669, 600345, 002245, 600230, 603936, 600973, 603979, 002169, 001299, 002009, 000623, 002168, 002626, 002183, 605338, 002585, 601599, 600862, 600523, 601601, 605088, 600456, 600736, 002179, 001316, 600284

============== 选股结果 [SuperB1战法] ==============
交易日: 2026-01-16
符合条件股票数: 0
无符合条件股票

============== 选股结果 [补票战法] ==============
交易日: 2026-01-16
符合条件股票数: 5
002167, 603332, 603656, 603297, 603002

============== 选股结果 [填坑战法] ==============
交易日: 2026-01-16
符合条件股票数: 8
002228, 002774, 603085, 002083, 603868, 002669, 002631, 000973

============== 选股结果 [上穿60放量战法] ==============
交易日: 2026-01-16
符合条件股票数: 31
603757, 002177, 603344, 600506, 002774, 002601, 600893, 600064, 603278, 001231, 601888, 600165, 002501, 600038, 002338, 002933, 600416, 600590, 600784, 603868, 600435, 002245, 001229, 600230, 603936, 002324, 002009, 600862, 605507, 600736, 001316
