日志同时写入文件: results/20260123.txt

============== 选股结果 [前期战法] ==============
交易日: 2026-01-23
符合条件股票数: 41
600100, 603966, 600853, 600845, 000997, 000099, 600215, 002261, 603325, 603721, 601336, 002128, 600570, 603680, 002908, 600571, 600039, 000935, 002298, 603337, 600602, 002690, 002243, 002530, 000938, 002657, 002912, 000725, 600967, 603206, 002223, 603171, 002368, 002624, 601599, 603358, 000595, 002382, 002609, 601600, 605116

============== 选股结果 [SuperB1战法] ==============
交易日: 2026-01-23
符合条件股票数: 0
无符合条件股票

============== 选股结果 [补票战法] ==============
交易日: 2026-01-23
符合条件股票数: 2
603150, 605168

============== 选股结果 [填坑战法] ==============
交易日: 2026-01-23
符合条件股票数: 12
002162, 603966, 600475, 002315, 600629, 601089, 600353, 002657, 603011, 600718, 002624, 002230

============== 选股结果 [上穿60放量战法] ==============
交易日: 2026-01-23
符合条件股票数: 39
600100, 002607, 600088, 002177, 002599, 603966, 002364, 000981, 600853, 600475, 002561, 600845, 000997, 002315, 002659, 603325, 603721, 600835, 002908, 601858, 002878, 600825, 002649, 603488, 002123, 002243, 600353, 600435, 002912, 603881, 000725, 600055, 600718, 002354, 002609, 002230, 605116, 002965, 603613
日志同时写入文件: results/20260123.txt

============== 选股结果 [前期战法] ==============
交易日: 2026-01-23
符合条件股票数: 41
600100, 603966, 600853, 600845, 000997, 000099, 600215, 002261, 603325, 603721, 601336, 002128, 600570, 603680, 002908, 600571, 600039, 000935, 002298, 603337, 600602, 002690, 002243, 002530, 000938, 002657, 002912, 000725, 600967, 603206, 002223, 603171, 002368, 002624, 601599, 603358, 000595, 002382, 002609, 601600, 605116

============== 选股结果 [SuperB1战法] ==============
交易日: 2026-01-23
符合条件股票数: 0
无符合条件股票

============== 选股结果 [补票战法] ==============
交易日: 2026-01-23
符合条件股票数: 2
603150, 605168

============== 选股结果 [填坑战法] ==============
交易日: 2026-01-23
符合条件股票数: 12
002162, 603966, 600475, 002315, 600629, 601089, 600353, 002657, 603011, 600718, 002624, 002230

============== 选股结果 [上穿60放量战法] ==============
交易日: 2026-01-23
符合条件股票数: 39
600100, 002607, 600088, 002177, 002599, 603966, 002364, 000981, 600853, 600475, 002561, 600845, 000997, 002315, 002659, 603325, 603721, 600835, 002908, 601858, 002878, 600825, 002649, 603488, 002123, 002243, 600353, 600435, 002912, 603881, 000725, 600055, 600718, 002354, 002609, 002230, 605116, 002965, 603613
