日志同时写入文件: results/20260206.txt

============== 选股结果 [前期战法] ==============
交易日: 2026-02-06
符合条件股票数: 92
603970, 001333, 002996, 603568, 600075, 603393, 000629, 000985, 601608, 600259, 600517, 000758, 002978, 000612, 600688, 002206, 601568, 600662, 002004, 603948, 002414, 600058, 000933, 603132, 600638, 600360, 603279, 000930, 002114, 603045, 600821, 603124, 601121, 605151, 600777, 000060, 603727, 605183, 000659, 002258, 600615, 600826, 000655, 002254, 002296, 600547, 600584, 600037, 600989, 605167, 605198, 002479, 002848, 002647, 600800, 600141, 000737, 000096, 002859, 601702, 600623, 002284, 601677, 002696, 002899, 600392, 002279, 600378, 600096, 601808, 002182, 002592, 002237, 601216, 002803, 002156, 600268, 603991, 600452, 600888, 600725, 600251, 002782, 002556, 000631, 601827, 000035, 600497, 000155, 002540, 002838, 603799

============== 选股结果 [SuperB1战法] ==============
交易日: 2026-02-06
符合条件股票数: 0
无符合条件股票

============== 选股结果 [补票战法] ==============
交易日: 2026-02-06
符合条件股票数: 0
无符合条件股票

============== 选股结果 [填坑战法] ==============
交易日: 2026-02-06
符合条件股票数: 16
001333, 600262, 603608, 003042, 002760, 000758, 002114, 601068, 002524, 001207, 000737, 603895, 600096, 600282, 600078, 002838

============== 选股结果 [上穿60放量战法] ==============
交易日: 2026-02-06
符合条件股票数: 44
601949, 003042, 601608, 002760, 603988, 600517, 600307, 002005, 002206, 002004, 002010, 601965, 600500, 000927, 002088, 000930, 603045, 600821, 002538, 603078, 605151, 603727, 600826, 000655, 605588, 601117, 600584, 002859, 600623, 002443, 600392, 603077, 601808, 601216, 002156, 600452, 601228, 002782, 600133, 605089, 000631, 002620, 002838, 002409
