日志同时写入文件: results/20260130.txt

============== 选股结果 [前期战法] ==============
交易日: 2026-01-30
符合条件股票数: 104
002376, 002968, 001326, 603556, 003043, 603998, 603387, 002406, 002358, 002993, 603356, 002010, 600312, 600995, 002077, 002063, 600406, 002658, 603051, 603079, 600148, 603332, 600834, 000919, 003025, 603901, 603726, 605222, 001223, 002879, 002448, 000922, 600210, 603057, 603320, 002729, 601669, 002488, 603701, 000682, 002917, 603305, 002916, 002876, 002692, 603270, 601868, 603070, 603105, 600550, 603267, 002322, 002483, 002454, 600232, 603075, 000733, 600636, 001202, 002643, 000929, 002441, 600031, 002331, 600379, 603102, 002250, 002708, 002683, 002380, 603004, 603819, 603400, 002587, 603987, 603039, 603013, 600268, 603985, 002778, 605066, 601228, 603358, 600335, 603166, 603006, 002816, 002180, 603200, 603016, 603823, 002967, 002620, 603201, 002436, 002346, 603798, 002811, 601616, 603161, 600130, 002555, 002743, 001896

============== 选股结果 [SuperB1战法] ==============
交易日: 2026-01-30
符合条件股票数: 0
无符合条件股票

============== 选股结果 [补票战法] ==============
交易日: 2026-01-30
符合条件股票数: 4
001286, 603126, 603096, 605577

============== 选股结果 [填坑战法] ==============
交易日: 2026-01-30
符合条件股票数: 8
002658, 002879, 603283, 603701, 002533, 600232, 002331, 603200

============== 选股结果 [上穿60放量战法] ==============
交易日: 2026-01-30
符合条件股票数: 61
000777, 603179, 002798, 003043, 603387, 002406, 002358, 000981, 002777, 002005, 603356, 600676, 002010, 600312, 600995, 002077, 002063, 600406, 001225, 603051, 600148, 603332, 603859, 603530, 603726, 603320, 603283, 000682, 002917, 600195, 603305, 002533, 001238, 002876, 002692, 603270, 603070, 002082, 002322, 603075, 002050, 001202, 002443, 002331, 002708, 002380, 603819, 603602, 603400, 603039, 603013, 600268, 605066, 601228, 603200, 002609, 603823, 001260, 002620, 601616, 001896
