日志同时写入文件: results/20260121.txt

============== 选股结果 [前期战法] ==============
交易日: 2026-01-21
符合条件股票数: 57
000777, 600869, 600100, 600713, 002405, 600895, 600728, 603236, 002373, 002171, 605069, 002261, 603127, 603721, 601336, 600558, 603680, 600835, 603496, 002920, 600571, 002677, 600399, 603282, 600760, 002927, 600416, 001209, 600588, 603305, 600590, 002243, 002530, 002929, 000519, 603458, 600390, 000917, 600345, 002523, 002085, 603507, 600967, 600973, 603206, 600135, 002368, 601599, 603358, 600862, 002355, 601601, 002152, 600536, 603956, 603015, 002569

============== 选股结果 [SuperB1战法] ==============
交易日: 2026-01-21
符合条件股票数: 0
无符合条件股票

============== 选股结果 [补票战法] ==============
交易日: 2026-01-21
符合条件股票数: 0
无符合条件股票

============== 选股结果 [填坑战法] ==============
交易日: 2026-01-21
符合条件股票数: 20
001332, 600895, 002774, 603236, 603169, 002945, 002659, 002712, 600589, 600629, 600588, 601116, 002083, 600353, 600435, 603507, 600967, 002036, 600862, 002757

============== 选股结果 [上穿60放量战法] ==============
交易日: 2026-01-21
符合条件股票数: 83
000777, 600100, 002607, 002405, 600088, 600880, 002599, 600506, 600728, 002774, 603341, 002173, 002373, 600307, 605069, 600845, 002945, 002400, 002467, 000516, 002881, 002659, 603721, 002882, 002712, 600410, 600835, 603496, 600363, 000676, 002878, 002677, 603108, 002501, 600825, 600399, 002925, 002338, 603533, 600589, 600416, 001209, 600826, 603888, 600775, 601116, 002903, 603305, 600590, 600784, 603716, 000681, 002243, 002929, 600637, 603458, 600353, 600435, 002735, 002523, 001229, 603881, 002324, 603507, 600797, 600120, 600718, 002195, 600645, 600862, 000026, 002355, 000156, 002152, 603956, 600736, 002965, 601992, 603613, 002025, 601777, 002757, 603809
