日志同时写入文件: results/20260127.txt

============== 选股结果 [前期战法] ==============
交易日: 2026-01-27
符合条件股票数: 39
002410, 601949, 600101, 603150, 600505, 603966, 605080, 600676, 600845, 002602, 000997, 002400, 002315, 002128, 600570, 603859, 000935, 600562, 600198, 002649, 600588, 002081, 601100, 002444, 002044, 603458, 001202, 002683, 002380, 603602, 002236, 603171, 002354, 002624, 605099, 605098, 002609, 605116, 002555

============== 选股结果 [SuperB1战法] ==============
交易日: 2026-01-27
符合条件股票数: 0
无符合条件股票

============== 选股结果 [补票战法] ==============
交易日: 2026-01-27
符合条件股票数: 1
603012

============== 选股结果 [填坑战法] ==============
交易日: 2026-01-27
符合条件股票数: 9
002410, 603966, 001255, 002945, 002517, 603882, 002624, 605099, 002230

============== 选股结果 [上穿60放量战法] ==============
交易日: 2026-01-27
符合条件股票数: 50
000777, 601949, 603179, 600100, 600101, 600505, 603966, 605080, 002777, 600676, 600845, 002945, 000997, 002400, 000516, 002315, 002881, 603325, 600570, 603496, 000676, 603859, 603530, 601858, 600825, 600562, 603888, 002649, 002081, 001400, 002082, 002050, 600637, 603458, 001202, 603882, 002912, 600797, 002380, 603602, 600718, 002354, 002195, 600644, 002609, 002557, 002230, 605116, 002025, 002757
