日志同时写入文件: results/20260115.txt

============== 选股结果 [前期战法] ==============
交易日: 2026-01-15
符合条件股票数: 49
002438, 600115, 601021, 603344, 603379, 600271, 002367, 600893, 603586, 603085, 002937, 601888, 002472, 003021, 600029, 002111, 000672, 002338, 000738, 603081, 002678, 002916, 605167, 600960, 603266, 603662, 603306, 603267, 603501, 601689, 605376, 601688, 002669, 002245, 002913, 600230, 603936, 002169, 002168, 603013, 001311, 002590, 601198, 600523, 600456, 600330, 002965, 601038, 002756

============== 选股结果 [SuperB1战法] ==============
交易日: 2026-01-15
符合条件股票数: 0
无符合条件股票

============== 选股结果 [补票战法] ==============
交易日: 2026-01-15
符合条件股票数: 3
002214, 002128, 002648

============== 选股结果 [填坑战法] ==============
交易日: 2026-01-15
符合条件股票数: 5
600960, 002083, 605376, 603936, 002631

============== 选股结果 [上穿60放量战法] ==============
交易日: 2026-01-15
符合条件股票数: 30
603344, 600506, 002006, 600703, 600893, 001231, 601888, 003021, 603915, 600165, 603055, 002338, 002933, 600416, 000738, 002678, 603728, 605167, 603662, 603267, 002050, 002245, 001229, 600230, 603936, 601969, 603013, 600889, 002590, 002965
