日志同时写入文件: results/20260204.txt

============== 选股结果 [前期战法] ==============
交易日: 2026-02-04
符合条件股票数: 116
603970, 002160, 600262, 601020, 600458, 002996, 600868, 600459, 603568, 600063, 000990, 002942, 605090, 601022, 000985, 003042, 002406, 600714, 600338, 002601, 601609, 000758, 603585, 002978, 002993, 000612, 601568, 002004, 002010, 002170, 603948, 002414, 600058, 002428, 002895, 002077, 603132, 600361, 600955, 002114, 601121, 600968, 603901, 000060, 603726, 605020, 002266, 002064, 603121, 000713, 603727, 002138, 002312, 605183, 603057, 000659, 002258, 603320, 600615, 002107, 002917, 000655, 600817, 002254, 002296, 002057, 600989, 002848, 600141, 603267, 603515, 002871, 000733, 600346, 002246, 002284, 601065, 603699, 601677, 600596, 603276, 605177, 600392, 002250, 600378, 002708, 603275, 600096, 601808, 002182, 002237, 603400, 600108, 601216, 603159, 000970, 603588, 002340, 603991, 600888, 603166, 600094, 600251, 601952, 002556, 600867, 600873, 600456, 603995, 002436, 002408, 000035, 600497, 000949, 002838, 002409

============== 选股结果 [SuperB1战法] ==============
交易日: 2026-02-04
符合条件股票数: 0
无符合条件股票

============== 选股结果 [补票战法] ==============
交易日: 2026-02-04
符合条件股票数: 2
002833, 000539

============== 选股结果 [填坑战法] ==============
交易日: 2026-02-04
符合条件股票数: 17
600114, 600063, 003042, 002760, 603156, 601609, 603320, 603701, 000655, 002524, 002871, 002246, 605177, 600096, 600490, 002436, 002838

============== 选股结果 [上穿60放量战法] ==============
交易日: 2026-02-04
符合条件股票数: 62
603970, 600262, 600458, 603179, 600063, 605319, 003042, 600714, 002760, 603156, 601609, 601568, 600676, 002004, 002010, 600460, 601965, 603948, 002659, 000930, 002538, 603078, 600968, 600987, 603726, 605020, 002266, 000713, 603727, 603320, 002107, 002917, 000655, 600817, 605588, 601117, 002876, 603075, 002246, 001202, 603896, 605177, 600392, 002721, 603275, 601808, 600257, 600531, 002237, 603400, 601216, 002340, 002208, 600490, 601952, 605089, 002620, 600278, 002385, 600078, 002838, 002409
